ID	Title	From	To	House	Term	Session	Meeting	Sitting	Agenda	Subcorpus	Speaker_role	Speaker_type	Speaker_party	Speaker_party_name	Party_status	Speaker_name	Speaker_gender	Speaker_birth
ParlaMint-SI_2017-02-13-SDZ7-Redna-27.u1	Minutes of the National Assembly of the Republic of Slovenia, Term 7, Regular Session 27, 13.2.2017	2017-02-13	2017-02-13	Lower house	7		27			Reference	Chairperson	MP	SMC	Stranka modernega centra		Brglez, Milan	M	1967
ParlaMint-SI_2017-02-13-SDZ7-Redna-27.u2	Minutes of the National Assembly of the Republic of Slovenia, Term 7, Regular Session 27, 13.2.2017	2017-02-13	2017-02-13	Lower house	7		27			Reference	Regular	MP	Levica	Združena levica	Opposition	Trček, Franc	M	1969
ParlaMint-SI_2017-02-13-SDZ7-Redna-27.u3	Minutes of the National Assembly of the Republic of Slovenia, Term 7, Regular Session 27, 13.2.2017	2017-02-13	2017-02-13	Lower house	7		27			Reference	Chairperson	MP	SMC	Stranka modernega centra		Brglez, Milan	M	1967
ParlaMint-SI_2017-02-13-SDZ7-Redna-27.u4	Minutes of the National Assembly of the Republic of Slovenia, Term 7, Regular Session 27, 13.2.2017	2017-02-13	2017-02-13	Lower house	7		27			Reference	Regular	notMP				Brezovar, Nejc	M	-
ParlaMint-SI_2017-02-13-SDZ7-Redna-27.u5	Minutes of the National Assembly of the Republic of Slovenia, Term 7, Regular Session 27, 13.2.2017	2017-02-13	2017-02-13	Lower house	7		27			Reference	Chairperson	MP	SMC	Stranka modernega centra		Brglez, Milan	M	1967
ParlaMint-SI_2017-02-13-SDZ7-Redna-27.u6	Minutes of the National Assembly of the Republic of Slovenia, Term 7, Regular Session 27, 13.2.2017	2017-02-13	2017-02-13	Lower house	7		27			Reference	Regular	MP	Levica	Združena levica	Opposition	Trček, Franc	M	1969
ParlaMint-SI_2017-02-13-SDZ7-Redna-27.u7	Minutes of the National Assembly of the Republic of Slovenia, Term 7, Regular Session 27, 13.2.2017	2017-02-13	2017-02-13	Lower house	7		27			Reference	Chairperson	MP	SMC	Stranka modernega centra		Brglez, Milan	M	1967
ParlaMint-SI_2017-02-13-SDZ7-Redna-27.u8	Minutes of the National Assembly of the Republic of Slovenia, Term 7, Regular Session 27, 13.2.2017	2017-02-13	2017-02-13	Lower house	7		27			Reference	Regular	MP	SDS	Slovenska demokratska stranka	Opposition	Gorenak, Vinko	M	1955
ParlaMint-SI_2017-02-13-SDZ7-Redna-27.u9	Minutes of the National Assembly of the Republic of Slovenia, Term 7, Regular Session 27, 13.2.2017	2017-02-13	2017-02-13	Lower house	7		27			Reference	Chairperson	MP	SMC	Stranka modernega centra		Brglez, Milan	M	1967
ParlaMint-SI_2017-02-13-SDZ7-Redna-27.u10	Minutes of the National Assembly of the Republic of Slovenia, Term 7, Regular Session 27, 13.2.2017	2017-02-13	2017-02-13	Lower house	7		27			Reference	Regular	MP	Levica	Združena levica	Opposition	Mesec, Luka	M	1987
ParlaMint-SI_2017-02-13-SDZ7-Redna-27.u11	Minutes of the National Assembly of the Republic of Slovenia, Term 7, Regular Session 27, 13.2.2017	2017-02-13	2017-02-13	Lower house	7		27			Reference	Chairperson	MP	SMC	Stranka modernega centra		Brglez, Milan	M	1967
ParlaMint-SI_2017-02-13-SDZ7-Redna-27.u12	Minutes of the National Assembly of the Republic of Slovenia, Term 7, Regular Session 27, 13.2.2017	2017-02-13	2017-02-13	Lower house	7		27			Reference	Regular	MP	SMC	Stranka modernega centra		Cerar, Miro	M	1963
ParlaMint-SI_2017-02-13-SDZ7-Redna-27.u13	Minutes of the National Assembly of the Republic of Slovenia, Term 7, Regular Session 27, 13.2.2017	2017-02-13	2017-02-13	Lower house	7		27			Reference	Chairperson	MP	SMC	Stranka modernega centra		Brglez, Milan	M	1967
ParlaMint-SI_2017-02-13-SDZ7-Redna-27.u14	Minutes of the National Assembly of the Republic of Slovenia, Term 7, Regular Session 27, 13.2.2017	2017-02-13	2017-02-13	Lower house	7		27			Reference	Regular	MP	Levica	Združena levica	Opposition	Mesec, Luka	M	1987
ParlaMint-SI_2017-02-13-SDZ7-Redna-27.u15	Minutes of the National Assembly of the Republic of Slovenia, Term 7, Regular Session 27, 13.2.2017	2017-02-13	2017-02-13	Lower house	7		27			Reference	Chairperson	MP	SMC	Stranka modernega centra		Brglez, Milan	M	1967
ParlaMint-SI_2017-02-13-SDZ7-Redna-27.u16	Minutes of the National Assembly of the Republic of Slovenia, Term 7, Regular Session 27, 13.2.2017	2017-02-13	2017-02-13	Lower house	7		27			Reference	Regular	MP	SMC	Stranka modernega centra		Cerar, Miro	M	1963
ParlaMint-SI_2017-02-13-SDZ7-Redna-27.u17	Minutes of the National Assembly of the Republic of Slovenia, Term 7, Regular Session 27, 13.2.2017	2017-02-13	2017-02-13	Lower house	7		27			Reference	Chairperson	MP	SMC	Stranka modernega centra		Brglez, Milan	M	1967
ParlaMint-SI_2017-02-13-SDZ7-Redna-27.u18	Minutes of the National Assembly of the Republic of Slovenia, Term 7, Regular Session 27, 13.2.2017	2017-02-13	2017-02-13	Lower house	7		27			Reference	Regular	MP	Levica	Združena levica	Opposition	Mesec, Luka	M	1987
ParlaMint-SI_2017-02-13-SDZ7-Redna-27.u19	Minutes of the National Assembly of the Republic of Slovenia, Term 7, Regular Session 27, 13.2.2017	2017-02-13	2017-02-13	Lower house	7		27			Reference	Chairperson	MP	SMC	Stranka modernega centra		Brglez, Milan	M	1967
ParlaMint-SI_2017-02-13-SDZ7-Redna-27.u20	Minutes of the National Assembly of the Republic of Slovenia, Term 7, Regular Session 27, 13.2.2017	2017-02-13	2017-02-13	Lower house	7		27			Reference	Regular	MP	NSi	Nova Slovenija – Krščanski demokrati	Opposition	Tonin, Matej	M	1983
ParlaMint-SI_2017-02-13-SDZ7-Redna-27.u21	Minutes of the National Assembly of the Republic of Slovenia, Term 7, Regular Session 27, 13.2.2017	2017-02-13	2017-02-13	Lower house	7		27			Reference	Chairperson	MP	SMC	Stranka modernega centra		Brglez, Milan	M	1967
ParlaMint-SI_2017-02-13-SDZ7-Redna-27.u22	Minutes of the National Assembly of the Republic of Slovenia, Term 7, Regular Session 27, 13.2.2017	2017-02-13	2017-02-13	Lower house	7		27			Reference	Regular	MP	SMC	Stranka modernega centra		Cerar, Miro	M	1963
ParlaMint-SI_2017-02-13-SDZ7-Redna-27.u23	Minutes of the National Assembly of the Republic of Slovenia, Term 7, Regular Session 27, 13.2.2017	2017-02-13	2017-02-13	Lower house	7		27			Reference	Chairperson	MP	SMC	Stranka modernega centra		Brglez, Milan	M	1967
ParlaMint-SI_2017-02-13-SDZ7-Redna-27.u24	Minutes of the National Assembly of the Republic of Slovenia, Term 7, Regular Session 27, 13.2.2017	2017-02-13	2017-02-13	Lower house	7		27			Reference	Regular	MP	NSi	Nova Slovenija – Krščanski demokrati	Opposition	Tonin, Matej	M	1983
ParlaMint-SI_2017-02-13-SDZ7-Redna-27.u25	Minutes of the National Assembly of the Republic of Slovenia, Term 7, Regular Session 27, 13.2.2017	2017-02-13	2017-02-13	Lower house	7		27			Reference	Chairperson	MP	SMC	Stranka modernega centra		Brglez, Milan	M	1967
ParlaMint-SI_2017-02-13-SDZ7-Redna-27.u26	Minutes of the National Assembly of the Republic of Slovenia, Term 7, Regular Session 27, 13.2.2017	2017-02-13	2017-02-13	Lower house	7		27			Reference	Regular	MP	SMC	Stranka modernega centra		Cerar, Miro	M	1963
ParlaMint-SI_2017-02-13-SDZ7-Redna-27.u27	Minutes of the National Assembly of the Republic of Slovenia, Term 7, Regular Session 27, 13.2.2017	2017-02-13	2017-02-13	Lower house	7		27			Reference	Chairperson	MP	SMC	Stranka modernega centra		Brglez, Milan	M	1967
ParlaMint-SI_2017-02-13-SDZ7-Redna-27.u28	Minutes of the National Assembly of the Republic of Slovenia, Term 7, Regular Session 27, 13.2.2017	2017-02-13	2017-02-13	Lower house	7		27			Reference	Regular	MP	NSi	Nova Slovenija – Krščanski demokrati	Opposition	Tonin, Matej	M	1983
ParlaMint-SI_2017-02-13-SDZ7-Redna-27.u29	Minutes of the National Assembly of the Republic of Slovenia, Term 7, Regular Session 27, 13.2.2017	2017-02-13	2017-02-13	Lower house	7		27			Reference	Chairperson	MP	SMC	Stranka modernega centra		Brglez, Milan	M	1967
ParlaMint-SI_2017-02-13-SDZ7-Redna-27.u30	Minutes of the National Assembly of the Republic of Slovenia, Term 7, Regular Session 27, 13.2.2017	2017-02-13	2017-02-13	Lower house	7		27			Reference	Regular	MP	Levica	Združena levica	Opposition	Trček, Franc	M	1969
ParlaMint-SI_2017-02-13-SDZ7-Redna-27.u31	Minutes of the National Assembly of the Republic of Slovenia, Term 7, Regular Session 27, 13.2.2017	2017-02-13	2017-02-13	Lower house	7		27			Reference	Chairperson	MP	SMC	Stranka modernega centra		Brglez, Milan	M	1967
ParlaMint-SI_2017-02-13-SDZ7-Redna-27.u32	Minutes of the National Assembly of the Republic of Slovenia, Term 7, Regular Session 27, 13.2.2017	2017-02-13	2017-02-13	Lower house	7		27			Reference	Regular	MP	Levica	Združena levica	Opposition	Trček, Franc	M	1969
ParlaMint-SI_2017-02-13-SDZ7-Redna-27.u33	Minutes of the National Assembly of the Republic of Slovenia, Term 7, Regular Session 27, 13.2.2017	2017-02-13	2017-02-13	Lower house	7		27			Reference	Chairperson	MP	SMC	Stranka modernega centra		Brglez, Milan	M	1967
ParlaMint-SI_2017-02-13-SDZ7-Redna-27.u34	Minutes of the National Assembly of the Republic of Slovenia, Term 7, Regular Session 27, 13.2.2017	2017-02-13	2017-02-13	Lower house	7		27			Reference	Regular	MP	Levica	Združena levica	Opposition	Trček, Franc	M	1969
ParlaMint-SI_2017-02-13-SDZ7-Redna-27.u35	Minutes of the National Assembly of the Republic of Slovenia, Term 7, Regular Session 27, 13.2.2017	2017-02-13	2017-02-13	Lower house	7		27			Reference	Chairperson	MP	SMC	Stranka modernega centra		Brglez, Milan	M	1967
ParlaMint-SI_2017-02-13-SDZ7-Redna-27.u36	Minutes of the National Assembly of the Republic of Slovenia, Term 7, Regular Session 27, 13.2.2017	2017-02-13	2017-02-13	Lower house	7		27			Reference	Regular	MP				Bratušek, Alenka	F	1970
ParlaMint-SI_2017-02-13-SDZ7-Redna-27.u37	Minutes of the National Assembly of the Republic of Slovenia, Term 7, Regular Session 27, 13.2.2017	2017-02-13	2017-02-13	Lower house	7		27			Reference	Chairperson	MP	SMC	Stranka modernega centra		Brglez, Milan	M	1967
ParlaMint-SI_2017-02-13-SDZ7-Redna-27.u38	Minutes of the National Assembly of the Republic of Slovenia, Term 7, Regular Session 27, 13.2.2017	2017-02-13	2017-02-13	Lower house	7		27			Reference	Regular	MP	SMC	Stranka modernega centra		Cerar, Miro	M	1963
ParlaMint-SI_2017-02-13-SDZ7-Redna-27.u39	Minutes of the National Assembly of the Republic of Slovenia, Term 7, Regular Session 27, 13.2.2017	2017-02-13	2017-02-13	Lower house	7		27			Reference	Chairperson	MP	SMC	Stranka modernega centra		Brglez, Milan	M	1967
ParlaMint-SI_2017-02-13-SDZ7-Redna-27.u40	Minutes of the National Assembly of the Republic of Slovenia, Term 7, Regular Session 27, 13.2.2017	2017-02-13	2017-02-13	Lower house	7		27			Reference	Regular	MP				Bratušek, Alenka	F	1970
ParlaMint-SI_2017-02-13-SDZ7-Redna-27.u41	Minutes of the National Assembly of the Republic of Slovenia, Term 7, Regular Session 27, 13.2.2017	2017-02-13	2017-02-13	Lower house	7		27			Reference	Chairperson	MP	SMC	Stranka modernega centra		Brglez, Milan	M	1967
ParlaMint-SI_2017-02-13-SDZ7-Redna-27.u42	Minutes of the National Assembly of the Republic of Slovenia, Term 7, Regular Session 27, 13.2.2017	2017-02-13	2017-02-13	Lower house	7		27			Reference	Regular	MP	SMC	Stranka modernega centra		Cerar, Miro	M	1963
ParlaMint-SI_2017-02-13-SDZ7-Redna-27.u43	Minutes of the National Assembly of the Republic of Slovenia, Term 7, Regular Session 27, 13.2.2017	2017-02-13	2017-02-13	Lower house	7		27			Reference	Chairperson	MP	SMC	Stranka modernega centra		Brglez, Milan	M	1967
ParlaMint-SI_2017-02-13-SDZ7-Redna-27.u44	Minutes of the National Assembly of the Republic of Slovenia, Term 7, Regular Session 27, 13.2.2017	2017-02-13	2017-02-13	Lower house	7		27			Reference	Regular	MP				Bratušek, Alenka	F	1970
ParlaMint-SI_2017-02-13-SDZ7-Redna-27.u45	Minutes of the National Assembly of the Republic of Slovenia, Term 7, Regular Session 27, 13.2.2017	2017-02-13	2017-02-13	Lower house	7		27			Reference	Chairperson	MP	SMC	Stranka modernega centra		Brglez, Milan	M	1967
ParlaMint-SI_2017-02-13-SDZ7-Redna-27.u46	Minutes of the National Assembly of the Republic of Slovenia, Term 7, Regular Session 27, 13.2.2017	2017-02-13	2017-02-13	Lower house	7		27			Reference	Regular	MP	DeSUS	Demokratična stranka upokojencev Slovenije	Coalition	Jurša, Franc	M	1953
ParlaMint-SI_2017-02-13-SDZ7-Redna-27.u47	Minutes of the National Assembly of the Republic of Slovenia, Term 7, Regular Session 27, 13.2.2017	2017-02-13	2017-02-13	Lower house	7		27			Reference	Chairperson	MP	SMC	Stranka modernega centra		Brglez, Milan	M	1967
ParlaMint-SI_2017-02-13-SDZ7-Redna-27.u48	Minutes of the National Assembly of the Republic of Slovenia, Term 7, Regular Session 27, 13.2.2017	2017-02-13	2017-02-13	Lower house	7		27			Reference	Regular	MP	SMC	Stranka modernega centra		Cerar, Miro	M	1963
ParlaMint-SI_2017-02-13-SDZ7-Redna-27.u49	Minutes of the National Assembly of the Republic of Slovenia, Term 7, Regular Session 27, 13.2.2017	2017-02-13	2017-02-13	Lower house	7		27			Reference	Chairperson	MP	SMC	Stranka modernega centra		Brglez, Milan	M	1967
ParlaMint-SI_2017-02-13-SDZ7-Redna-27.u50	Minutes of the National Assembly of the Republic of Slovenia, Term 7, Regular Session 27, 13.2.2017	2017-02-13	2017-02-13	Lower house	7		27			Reference	Regular	MP	DeSUS	Demokratična stranka upokojencev Slovenije	Coalition	Jurša, Franc	M	1953
ParlaMint-SI_2017-02-13-SDZ7-Redna-27.u51	Minutes of the National Assembly of the Republic of Slovenia, Term 7, Regular Session 27, 13.2.2017	2017-02-13	2017-02-13	Lower house	7		27			Reference	Chairperson	MP	SMC	Stranka modernega centra		Brglez, Milan	M	1967
ParlaMint-SI_2017-02-13-SDZ7-Redna-27.u52	Minutes of the National Assembly of the Republic of Slovenia, Term 7, Regular Session 27, 13.2.2017	2017-02-13	2017-02-13	Lower house	7		27			Reference	Regular	MP	SMC	Stranka modernega centra		Cerar, Miro	M	1963
ParlaMint-SI_2017-02-13-SDZ7-Redna-27.u53	Minutes of the National Assembly of the Republic of Slovenia, Term 7, Regular Session 27, 13.2.2017	2017-02-13	2017-02-13	Lower house	7		27			Reference	Chairperson	MP	SMC	Stranka modernega centra		Brglez, Milan	M	1967
ParlaMint-SI_2017-02-13-SDZ7-Redna-27.u54	Minutes of the National Assembly of the Republic of Slovenia, Term 7, Regular Session 27, 13.2.2017	2017-02-13	2017-02-13	Lower house	7		27			Reference	Regular	notMP				Klemenčič, Goran	M	-
ParlaMint-SI_2017-02-13-SDZ7-Redna-27.u55	Minutes of the National Assembly of the Republic of Slovenia, Term 7, Regular Session 27, 13.2.2017	2017-02-13	2017-02-13	Lower house	7		27			Reference	Chairperson	MP	SMC	Stranka modernega centra		Brglez, Milan	M	1967
ParlaMint-SI_2017-02-13-SDZ7-Redna-27.u56	Minutes of the National Assembly of the Republic of Slovenia, Term 7, Regular Session 27, 13.2.2017	2017-02-13	2017-02-13	Lower house	7		27			Reference	Regular	MP	SDS	Slovenska demokratska stranka	Opposition	Gorenak, Vinko	M	1955
ParlaMint-SI_2017-02-13-SDZ7-Redna-27.u57	Minutes of the National Assembly of the Republic of Slovenia, Term 7, Regular Session 27, 13.2.2017	2017-02-13	2017-02-13	Lower house	7		27			Reference	Chairperson	MP	SMC	Stranka modernega centra		Brglez, Milan	M	1967
ParlaMint-SI_2017-02-13-SDZ7-Redna-27.u58	Minutes of the National Assembly of the Republic of Slovenia, Term 7, Regular Session 27, 13.2.2017	2017-02-13	2017-02-13	Lower house	7		27			Reference	Regular	notMP				Klemenčič, Goran	M	-
ParlaMint-SI_2017-02-13-SDZ7-Redna-27.u59	Minutes of the National Assembly of the Republic of Slovenia, Term 7, Regular Session 27, 13.2.2017	2017-02-13	2017-02-13	Lower house	7		27			Reference	Chairperson	MP	SMC	Stranka modernega centra		Brglez, Milan	M	1967
ParlaMint-SI_2017-02-13-SDZ7-Redna-27.u60	Minutes of the National Assembly of the Republic of Slovenia, Term 7, Regular Session 27, 13.2.2017	2017-02-13	2017-02-13	Lower house	7		27			Reference	Regular	notMP				Klemenčič, Goran	M	-
ParlaMint-SI_2017-02-13-SDZ7-Redna-27.u61	Minutes of the National Assembly of the Republic of Slovenia, Term 7, Regular Session 27, 13.2.2017	2017-02-13	2017-02-13	Lower house	7		27			Reference	Chairperson	MP	SMC	Stranka modernega centra		Brglez, Milan	M	1967
ParlaMint-SI_2017-02-13-SDZ7-Redna-27.u62	Minutes of the National Assembly of the Republic of Slovenia, Term 7, Regular Session 27, 13.2.2017	2017-02-13	2017-02-13	Lower house	7		27			Reference	Regular	MP	SDS	Slovenska demokratska stranka	Opposition	Gorenak, Vinko	M	1955
ParlaMint-SI_2017-02-13-SDZ7-Redna-27.u63	Minutes of the National Assembly of the Republic of Slovenia, Term 7, Regular Session 27, 13.2.2017	2017-02-13	2017-02-13	Lower house	7		27			Reference	Chairperson	MP	SMC	Stranka modernega centra		Brglez, Milan	M	1967
ParlaMint-SI_2017-02-13-SDZ7-Redna-27.u64	Minutes of the National Assembly of the Republic of Slovenia, Term 7, Regular Session 27, 13.2.2017	2017-02-13	2017-02-13	Lower house	7		27			Reference	Regular	notMP				Klemenčič, Goran	M	-
ParlaMint-SI_2017-02-13-SDZ7-Redna-27.u65	Minutes of the National Assembly of the Republic of Slovenia, Term 7, Regular Session 27, 13.2.2017	2017-02-13	2017-02-13	Lower house	7		27			Reference	Chairperson	MP	SMC	Stranka modernega centra		Brglez, Milan	M	1967
ParlaMint-SI_2017-02-13-SDZ7-Redna-27.u66	Minutes of the National Assembly of the Republic of Slovenia, Term 7, Regular Session 27, 13.2.2017	2017-02-13	2017-02-13	Lower house	7		27			Reference	Regular	MP	SDS	Slovenska demokratska stranka	Opposition	Gorenak, Vinko	M	1955
ParlaMint-SI_2017-02-13-SDZ7-Redna-27.u67	Minutes of the National Assembly of the Republic of Slovenia, Term 7, Regular Session 27, 13.2.2017	2017-02-13	2017-02-13	Lower house	7		27			Reference	Chairperson	MP	SMC	Stranka modernega centra		Brglez, Milan	M	1967
ParlaMint-SI_2017-02-13-SDZ7-Redna-27.u68	Minutes of the National Assembly of the Republic of Slovenia, Term 7, Regular Session 27, 13.2.2017	2017-02-13	2017-02-13	Lower house	7		27			Reference	Regular	notMP				Vraničar Erman, Mateja	F	-
ParlaMint-SI_2017-02-13-SDZ7-Redna-27.u69	Minutes of the National Assembly of the Republic of Slovenia, Term 7, Regular Session 27, 13.2.2017	2017-02-13	2017-02-13	Lower house	7		27			Reference	Chairperson	MP	SMC	Stranka modernega centra		Brglez, Milan	M	1967
ParlaMint-SI_2017-02-13-SDZ7-Redna-27.u70	Minutes of the National Assembly of the Republic of Slovenia, Term 7, Regular Session 27, 13.2.2017	2017-02-13	2017-02-13	Lower house	7		27			Reference	Regular	MP	SDS	Slovenska demokratska stranka	Opposition	Žnidar, Ljubo	M	1960
ParlaMint-SI_2017-02-13-SDZ7-Redna-27.u71	Minutes of the National Assembly of the Republic of Slovenia, Term 7, Regular Session 27, 13.2.2017	2017-02-13	2017-02-13	Lower house	7		27			Reference	Chairperson	MP	SMC	Stranka modernega centra		Brglez, Milan	M	1967
ParlaMint-SI_2017-02-13-SDZ7-Redna-27.u72	Minutes of the National Assembly of the Republic of Slovenia, Term 7, Regular Session 27, 13.2.2017	2017-02-13	2017-02-13	Lower house	7		27			Reference	Regular	notMP				Vraničar Erman, Mateja	F	-
ParlaMint-SI_2017-02-13-SDZ7-Redna-27.u73	Minutes of the National Assembly of the Republic of Slovenia, Term 7, Regular Session 27, 13.2.2017	2017-02-13	2017-02-13	Lower house	7		27			Reference	Chairperson	MP	SMC	Stranka modernega centra		Brglez, Milan	M	1967
ParlaMint-SI_2017-02-13-SDZ7-Redna-27.u74	Minutes of the National Assembly of the Republic of Slovenia, Term 7, Regular Session 27, 13.2.2017	2017-02-13	2017-02-13	Lower house	7		27			Reference	Regular	notMP				Vraničar Erman, Mateja	F	-
ParlaMint-SI_2017-02-13-SDZ7-Redna-27.u75	Minutes of the National Assembly of the Republic of Slovenia, Term 7, Regular Session 27, 13.2.2017	2017-02-13	2017-02-13	Lower house	7		27			Reference	Chairperson	MP	SMC	Stranka modernega centra		Brglez, Milan	M	1967
ParlaMint-SI_2017-02-13-SDZ7-Redna-27.u76	Minutes of the National Assembly of the Republic of Slovenia, Term 7, Regular Session 27, 13.2.2017	2017-02-13	2017-02-13	Lower house	7		27			Reference	Regular	MP	NSi	Nova Slovenija – Krščanski demokrati	Opposition	Vrtovec, Jernej	M	1985
ParlaMint-SI_2017-02-13-SDZ7-Redna-27.u77	Minutes of the National Assembly of the Republic of Slovenia, Term 7, Regular Session 27, 13.2.2017	2017-02-13	2017-02-13	Lower house	7		27			Reference	Chairperson	MP	SMC	Stranka modernega centra		Brglez, Milan	M	1967
ParlaMint-SI_2017-02-13-SDZ7-Redna-27.u78	Minutes of the National Assembly of the Republic of Slovenia, Term 7, Regular Session 27, 13.2.2017	2017-02-13	2017-02-13	Lower house	7		27			Reference	Regular	notMP				Vraničar Erman, Mateja	F	-
ParlaMint-SI_2017-02-13-SDZ7-Redna-27.u79	Minutes of the National Assembly of the Republic of Slovenia, Term 7, Regular Session 27, 13.2.2017	2017-02-13	2017-02-13	Lower house	7		27			Reference	Chairperson	MP	SMC	Stranka modernega centra		Brglez, Milan	M	1967
ParlaMint-SI_2017-02-13-SDZ7-Redna-27.u80	Minutes of the National Assembly of the Republic of Slovenia, Term 7, Regular Session 27, 13.2.2017	2017-02-13	2017-02-13	Lower house	7		27			Reference	Regular	MP	SDS	Slovenska demokratska stranka	Opposition	Žnidar, Ljubo	M	1960
ParlaMint-SI_2017-02-13-SDZ7-Redna-27.u81	Minutes of the National Assembly of the Republic of Slovenia, Term 7, Regular Session 27, 13.2.2017	2017-02-13	2017-02-13	Lower house	7		27			Reference	Chairperson	MP	SMC	Stranka modernega centra		Brglez, Milan	M	1967
ParlaMint-SI_2017-02-13-SDZ7-Redna-27.u82	Minutes of the National Assembly of the Republic of Slovenia, Term 7, Regular Session 27, 13.2.2017	2017-02-13	2017-02-13	Lower house	7		27			Reference	Regular	notMP	SD	Socialni demokrati	Coalition	Židan, Dejan	M	1967
ParlaMint-SI_2017-02-13-SDZ7-Redna-27.u83	Minutes of the National Assembly of the Republic of Slovenia, Term 7, Regular Session 27, 13.2.2017	2017-02-13	2017-02-13	Lower house	7		27			Reference	Chairperson	MP	SMC	Stranka modernega centra		Brglez, Milan	M	1967
ParlaMint-SI_2017-02-13-SDZ7-Redna-27.u84	Minutes of the National Assembly of the Republic of Slovenia, Term 7, Regular Session 27, 13.2.2017	2017-02-13	2017-02-13	Lower house	7		27			Reference	Regular	MP	SDS	Slovenska demokratska stranka	Opposition	Žnidar, Ljubo	M	1960
ParlaMint-SI_2017-02-13-SDZ7-Redna-27.u85	Minutes of the National Assembly of the Republic of Slovenia, Term 7, Regular Session 27, 13.2.2017	2017-02-13	2017-02-13	Lower house	7		27			Reference	Chairperson	MP	SMC	Stranka modernega centra		Brglez, Milan	M	1967
ParlaMint-SI_2017-02-13-SDZ7-Redna-27.u86	Minutes of the National Assembly of the Republic of Slovenia, Term 7, Regular Session 27, 13.2.2017	2017-02-13	2017-02-13	Lower house	7		27			Reference	Regular	notMP	SD	Socialni demokrati	Coalition	Židan, Dejan	M	1967
ParlaMint-SI_2017-02-13-SDZ7-Redna-27.u87	Minutes of the National Assembly of the Republic of Slovenia, Term 7, Regular Session 27, 13.2.2017	2017-02-13	2017-02-13	Lower house	7		27			Reference	Chairperson	MP	SMC	Stranka modernega centra		Brglez, Milan	M	1967
ParlaMint-SI_2017-02-13-SDZ7-Redna-27.u88	Minutes of the National Assembly of the Republic of Slovenia, Term 7, Regular Session 27, 13.2.2017	2017-02-13	2017-02-13	Lower house	7		27			Reference	Regular	MP	SDS	Slovenska demokratska stranka	Opposition	Žnidar, Ljubo	M	1960
ParlaMint-SI_2017-02-13-SDZ7-Redna-27.u89	Minutes of the National Assembly of the Republic of Slovenia, Term 7, Regular Session 27, 13.2.2017	2017-02-13	2017-02-13	Lower house	7		27			Reference	Chairperson	MP	SMC	Stranka modernega centra		Brglez, Milan	M	1967
ParlaMint-SI_2017-02-13-SDZ7-Redna-27.u90	Minutes of the National Assembly of the Republic of Slovenia, Term 7, Regular Session 27, 13.2.2017	2017-02-13	2017-02-13	Lower house	7		27			Reference	Regular	MP	Levica	Združena levica	Opposition	Tašner Vatovec, Matej	M	1983
ParlaMint-SI_2017-02-13-SDZ7-Redna-27.u91	Minutes of the National Assembly of the Republic of Slovenia, Term 7, Regular Session 27, 13.2.2017	2017-02-13	2017-02-13	Lower house	7		27			Reference	Chairperson	MP	DeSUS	Demokratična stranka upokojencev Slovenije	Coalition	Hainz, Primož	M	1947
ParlaMint-SI_2017-02-13-SDZ7-Redna-27.u92	Minutes of the National Assembly of the Republic of Slovenia, Term 7, Regular Session 27, 13.2.2017	2017-02-13	2017-02-13	Lower house	7		27			Reference	Regular	notMP				Kopač Mrak, Anja	F	-
ParlaMint-SI_2017-02-13-SDZ7-Redna-27.u93	Minutes of the National Assembly of the Republic of Slovenia, Term 7, Regular Session 27, 13.2.2017	2017-02-13	2017-02-13	Lower house	7		27			Reference	Chairperson	MP	DeSUS	Demokratična stranka upokojencev Slovenije	Coalition	Hainz, Primož	M	1947
ParlaMint-SI_2017-02-13-SDZ7-Redna-27.u94	Minutes of the National Assembly of the Republic of Slovenia, Term 7, Regular Session 27, 13.2.2017	2017-02-13	2017-02-13	Lower house	7		27			Reference	Regular	MP	Levica	Združena levica	Opposition	Tašner Vatovec, Matej	M	1983
ParlaMint-SI_2017-02-13-SDZ7-Redna-27.u95	Minutes of the National Assembly of the Republic of Slovenia, Term 7, Regular Session 27, 13.2.2017	2017-02-13	2017-02-13	Lower house	7		27			Reference	Chairperson	MP	DeSUS	Demokratična stranka upokojencev Slovenije	Coalition	Hainz, Primož	M	1947
ParlaMint-SI_2017-02-13-SDZ7-Redna-27.u96	Minutes of the National Assembly of the Republic of Slovenia, Term 7, Regular Session 27, 13.2.2017	2017-02-13	2017-02-13	Lower house	7		27			Reference	Regular	notMP				Kopač Mrak, Anja	F	-
ParlaMint-SI_2017-02-13-SDZ7-Redna-27.u97	Minutes of the National Assembly of the Republic of Slovenia, Term 7, Regular Session 27, 13.2.2017	2017-02-13	2017-02-13	Lower house	7		27			Reference	Chairperson	MP	DeSUS	Demokratična stranka upokojencev Slovenije	Coalition	Hainz, Primož	M	1947
ParlaMint-SI_2017-02-13-SDZ7-Redna-27.u98	Minutes of the National Assembly of the Republic of Slovenia, Term 7, Regular Session 27, 13.2.2017	2017-02-13	2017-02-13	Lower house	7		27			Reference	Regular	MP	Levica	Združena levica	Opposition	Tašner Vatovec, Matej	M	1983
ParlaMint-SI_2017-02-13-SDZ7-Redna-27.u99	Minutes of the National Assembly of the Republic of Slovenia, Term 7, Regular Session 27, 13.2.2017	2017-02-13	2017-02-13	Lower house	7		27			Reference	Chairperson	MP	DeSUS	Demokratična stranka upokojencev Slovenije	Coalition	Hainz, Primož	M	1947
ParlaMint-SI_2017-02-13-SDZ7-Redna-27.u100	Minutes of the National Assembly of the Republic of Slovenia, Term 7, Regular Session 27, 13.2.2017	2017-02-13	2017-02-13	Lower house	7		27			Reference	Regular	MP	SMC	Stranka modernega centra		Koleša, Anita	F	1961
ParlaMint-SI_2017-02-13-SDZ7-Redna-27.u101	Minutes of the National Assembly of the Republic of Slovenia, Term 7, Regular Session 27, 13.2.2017	2017-02-13	2017-02-13	Lower house	7		27			Reference	Chairperson	MP	DeSUS	Demokratična stranka upokojencev Slovenije	Coalition	Hainz, Primož	M	1947
ParlaMint-SI_2017-02-13-SDZ7-Redna-27.u102	Minutes of the National Assembly of the Republic of Slovenia, Term 7, Regular Session 27, 13.2.2017	2017-02-13	2017-02-13	Lower house	7		27			Reference	Regular	notMP				Smerkolj, Alenka	F	-
ParlaMint-SI_2017-02-13-SDZ7-Redna-27.u103	Minutes of the National Assembly of the Republic of Slovenia, Term 7, Regular Session 27, 13.2.2017	2017-02-13	2017-02-13	Lower house	7		27			Reference	Chairperson	MP	DeSUS	Demokratična stranka upokojencev Slovenije	Coalition	Hainz, Primož	M	1947
ParlaMint-SI_2017-02-13-SDZ7-Redna-27.u104	Minutes of the National Assembly of the Republic of Slovenia, Term 7, Regular Session 27, 13.2.2017	2017-02-13	2017-02-13	Lower house	7		27			Reference	Regular	MP	SDS	Slovenska demokratska stranka	Opposition	Šircelj, Andrej	M	1959
ParlaMint-SI_2017-02-13-SDZ7-Redna-27.u105	Minutes of the National Assembly of the Republic of Slovenia, Term 7, Regular Session 27, 13.2.2017	2017-02-13	2017-02-13	Lower house	7		27			Reference	Chairperson	MP	DeSUS	Demokratična stranka upokojencev Slovenije	Coalition	Hainz, Primož	M	1947
ParlaMint-SI_2017-02-13-SDZ7-Redna-27.u106	Minutes of the National Assembly of the Republic of Slovenia, Term 7, Regular Session 27, 13.2.2017	2017-02-13	2017-02-13	Lower house	7		27			Reference	Regular	notMP				Majcen, Irena	F	-
ParlaMint-SI_2017-02-13-SDZ7-Redna-27.u107	Minutes of the National Assembly of the Republic of Slovenia, Term 7, Regular Session 27, 13.2.2017	2017-02-13	2017-02-13	Lower house	7		27			Reference	Chairperson	MP	DeSUS	Demokratična stranka upokojencev Slovenije	Coalition	Hainz, Primož	M	1947
ParlaMint-SI_2017-02-13-SDZ7-Redna-27.u108	Minutes of the National Assembly of the Republic of Slovenia, Term 7, Regular Session 27, 13.2.2017	2017-02-13	2017-02-13	Lower house	7		27			Reference	Regular	notMP				Gašperšič, Peter	M	-
ParlaMint-SI_2017-02-13-SDZ7-Redna-27.u109	Minutes of the National Assembly of the Republic of Slovenia, Term 7, Regular Session 27, 13.2.2017	2017-02-13	2017-02-13	Lower house	7		27			Reference	Chairperson	MP	DeSUS	Demokratična stranka upokojencev Slovenije	Coalition	Hainz, Primož	M	1947
ParlaMint-SI_2017-02-13-SDZ7-Redna-27.u110	Minutes of the National Assembly of the Republic of Slovenia, Term 7, Regular Session 27, 13.2.2017	2017-02-13	2017-02-13	Lower house	7		27			Reference	Regular	MP	SDS	Slovenska demokratska stranka	Opposition	Šircelj, Andrej	M	1959
ParlaMint-SI_2017-02-13-SDZ7-Redna-27.u111	Minutes of the National Assembly of the Republic of Slovenia, Term 7, Regular Session 27, 13.2.2017	2017-02-13	2017-02-13	Lower house	7		27			Reference	Chairperson	MP	DeSUS	Demokratična stranka upokojencev Slovenije	Coalition	Hainz, Primož	M	1947
ParlaMint-SI_2017-02-13-SDZ7-Redna-27.u112	Minutes of the National Assembly of the Republic of Slovenia, Term 7, Regular Session 27, 13.2.2017	2017-02-13	2017-02-13	Lower house	7		27			Reference	Regular	notMP				Gašperšič, Peter	M	-
ParlaMint-SI_2017-02-13-SDZ7-Redna-27.u113	Minutes of the National Assembly of the Republic of Slovenia, Term 7, Regular Session 27, 13.2.2017	2017-02-13	2017-02-13	Lower house	7		27			Reference	Chairperson	MP	DeSUS	Demokratična stranka upokojencev Slovenije	Coalition	Hainz, Primož	M	1947
ParlaMint-SI_2017-02-13-SDZ7-Redna-27.u114	Minutes of the National Assembly of the Republic of Slovenia, Term 7, Regular Session 27, 13.2.2017	2017-02-13	2017-02-13	Lower house	7		27			Reference	Regular	MP	NSi	Nova Slovenija – Krščanski demokrati	Opposition	Lah, Zvonko	M	1958
ParlaMint-SI_2017-02-13-SDZ7-Redna-27.u115	Minutes of the National Assembly of the Republic of Slovenia, Term 7, Regular Session 27, 13.2.2017	2017-02-13	2017-02-13	Lower house	7		27			Reference	Chairperson	MP	SD	Socialni demokrati	Coalition	Nemec, Matjaž	M	1980
ParlaMint-SI_2017-02-13-SDZ7-Redna-27.u116	Minutes of the National Assembly of the Republic of Slovenia, Term 7, Regular Session 27, 13.2.2017	2017-02-13	2017-02-13	Lower house	7		27			Reference	Regular	notMP	SD	Socialni demokrati	Coalition	Židan, Dejan	M	1967
ParlaMint-SI_2017-02-13-SDZ7-Redna-27.u117	Minutes of the National Assembly of the Republic of Slovenia, Term 7, Regular Session 27, 13.2.2017	2017-02-13	2017-02-13	Lower house	7		27			Reference	Chairperson	MP	SD	Socialni demokrati	Coalition	Nemec, Matjaž	M	1980
ParlaMint-SI_2017-02-13-SDZ7-Redna-27.u118	Minutes of the National Assembly of the Republic of Slovenia, Term 7, Regular Session 27, 13.2.2017	2017-02-13	2017-02-13	Lower house	7		27			Reference	Regular	MP	NSi	Nova Slovenija – Krščanski demokrati	Opposition	Lah, Zvonko	M	1958
ParlaMint-SI_2017-02-13-SDZ7-Redna-27.u119	Minutes of the National Assembly of the Republic of Slovenia, Term 7, Regular Session 27, 13.2.2017	2017-02-13	2017-02-13	Lower house	7		27			Reference	Chairperson	MP	SD	Socialni demokrati	Coalition	Nemec, Matjaž	M	1980
ParlaMint-SI_2017-02-13-SDZ7-Redna-27.u120	Minutes of the National Assembly of the Republic of Slovenia, Term 7, Regular Session 27, 13.2.2017	2017-02-13	2017-02-13	Lower house	7		27			Reference	Regular	notMP	SD	Socialni demokrati	Coalition	Židan, Dejan	M	1967
ParlaMint-SI_2017-02-13-SDZ7-Redna-27.u121	Minutes of the National Assembly of the Republic of Slovenia, Term 7, Regular Session 27, 13.2.2017	2017-02-13	2017-02-13	Lower house	7		27			Reference	Chairperson	MP	SD	Socialni demokrati	Coalition	Nemec, Matjaž	M	1980
ParlaMint-SI_2017-02-13-SDZ7-Redna-27.u122	Minutes of the National Assembly of the Republic of Slovenia, Term 7, Regular Session 27, 13.2.2017	2017-02-13	2017-02-13	Lower house	7		27			Reference	Regular	MP	NSi	Nova Slovenija – Krščanski demokrati	Opposition	Lah, Zvonko	M	1958
ParlaMint-SI_2017-02-13-SDZ7-Redna-27.u123	Minutes of the National Assembly of the Republic of Slovenia, Term 7, Regular Session 27, 13.2.2017	2017-02-13	2017-02-13	Lower house	7		27			Reference	Chairperson	MP	SD	Socialni demokrati	Coalition	Nemec, Matjaž	M	1980
ParlaMint-SI_2017-02-13-SDZ7-Redna-27.u124	Minutes of the National Assembly of the Republic of Slovenia, Term 7, Regular Session 27, 13.2.2017	2017-02-13	2017-02-13	Lower house	7		27			Reference	Regular	MP	DeSUS	Demokratična stranka upokojencev Slovenije	Coalition	Hainz, Primož	M	1947
ParlaMint-SI_2017-02-13-SDZ7-Redna-27.u125	Minutes of the National Assembly of the Republic of Slovenia, Term 7, Regular Session 27, 13.2.2017	2017-02-13	2017-02-13	Lower house	7		27			Reference	Chairperson	MP	SD	Socialni demokrati	Coalition	Nemec, Matjaž	M	1980
ParlaMint-SI_2017-02-13-SDZ7-Redna-27.u126	Minutes of the National Assembly of the Republic of Slovenia, Term 7, Regular Session 27, 13.2.2017	2017-02-13	2017-02-13	Lower house	7		27			Reference	Regular	notMP				Vraničar Erman, Mateja	F	-
ParlaMint-SI_2017-02-13-SDZ7-Redna-27.u127	Minutes of the National Assembly of the Republic of Slovenia, Term 7, Regular Session 27, 13.2.2017	2017-02-13	2017-02-13	Lower house	7		27			Reference	Chairperson	MP	SD	Socialni demokrati	Coalition	Nemec, Matjaž	M	1980
ParlaMint-SI_2017-02-13-SDZ7-Redna-27.u128	Minutes of the National Assembly of the Republic of Slovenia, Term 7, Regular Session 27, 13.2.2017	2017-02-13	2017-02-13	Lower house	7		27			Reference	Regular	MP	DeSUS	Demokratična stranka upokojencev Slovenije	Coalition	Hainz, Primož	M	1947
ParlaMint-SI_2017-02-13-SDZ7-Redna-27.u129	Minutes of the National Assembly of the Republic of Slovenia, Term 7, Regular Session 27, 13.2.2017	2017-02-13	2017-02-13	Lower house	7		27			Reference	Chairperson	MP	SD	Socialni demokrati	Coalition	Nemec, Matjaž	M	1980
ParlaMint-SI_2017-02-13-SDZ7-Redna-27.u130	Minutes of the National Assembly of the Republic of Slovenia, Term 7, Regular Session 27, 13.2.2017	2017-02-13	2017-02-13	Lower house	7		27			Reference	Regular	notMP				Vraničar Erman, Mateja	F	-
ParlaMint-SI_2017-02-13-SDZ7-Redna-27.u131	Minutes of the National Assembly of the Republic of Slovenia, Term 7, Regular Session 27, 13.2.2017	2017-02-13	2017-02-13	Lower house	7		27			Reference	Chairperson	MP	SD	Socialni demokrati	Coalition	Nemec, Matjaž	M	1980
ParlaMint-SI_2017-02-13-SDZ7-Redna-27.u132	Minutes of the National Assembly of the Republic of Slovenia, Term 7, Regular Session 27, 13.2.2017	2017-02-13	2017-02-13	Lower house	7		27			Reference	Regular	MP	SDS	Slovenska demokratska stranka	Opposition	Breznik, Franc	M	1970
ParlaMint-SI_2017-02-13-SDZ7-Redna-27.u133	Minutes of the National Assembly of the Republic of Slovenia, Term 7, Regular Session 27, 13.2.2017	2017-02-13	2017-02-13	Lower house	7		27			Reference	Chairperson	MP	DeSUS	Demokratična stranka upokojencev Slovenije	Coalition	Hainz, Primož	M	1947
ParlaMint-SI_2017-02-13-SDZ7-Redna-27.u134	Minutes of the National Assembly of the Republic of Slovenia, Term 7, Regular Session 27, 13.2.2017	2017-02-13	2017-02-13	Lower house	7		27			Reference	Regular	notMP				Gašperšič, Peter	M	-
ParlaMint-SI_2017-02-13-SDZ7-Redna-27.u135	Minutes of the National Assembly of the Republic of Slovenia, Term 7, Regular Session 27, 13.2.2017	2017-02-13	2017-02-13	Lower house	7		27			Reference	Chairperson	MP	DeSUS	Demokratična stranka upokojencev Slovenije	Coalition	Hainz, Primož	M	1947
ParlaMint-SI_2017-02-13-SDZ7-Redna-27.u136	Minutes of the National Assembly of the Republic of Slovenia, Term 7, Regular Session 27, 13.2.2017	2017-02-13	2017-02-13	Lower house	7		27			Reference	Regular	MP	SMC	Stranka modernega centra		Šergan, Vojka	F	1957
ParlaMint-SI_2017-02-13-SDZ7-Redna-27.u137	Minutes of the National Assembly of the Republic of Slovenia, Term 7, Regular Session 27, 13.2.2017	2017-02-13	2017-02-13	Lower house	7		27			Reference	Chairperson	MP	DeSUS	Demokratična stranka upokojencev Slovenije	Coalition	Hainz, Primož	M	1947
ParlaMint-SI_2017-02-13-SDZ7-Redna-27.u138	Minutes of the National Assembly of the Republic of Slovenia, Term 7, Regular Session 27, 13.2.2017	2017-02-13	2017-02-13	Lower house	7		27			Reference	Regular	notMP				Kolar Celarc, Marija Milojka	F	-
ParlaMint-SI_2017-02-13-SDZ7-Redna-27.u139	Minutes of the National Assembly of the Republic of Slovenia, Term 7, Regular Session 27, 13.2.2017	2017-02-13	2017-02-13	Lower house	7		27			Reference	Chairperson	MP	DeSUS	Demokratična stranka upokojencev Slovenije	Coalition	Hainz, Primož	M	1947
ParlaMint-SI_2017-02-13-SDZ7-Redna-27.u140	Minutes of the National Assembly of the Republic of Slovenia, Term 7, Regular Session 27, 13.2.2017	2017-02-13	2017-02-13	Lower house	7		27			Reference	Regular	MP	SMC	Stranka modernega centra		Šergan, Vojka	F	1957
ParlaMint-SI_2017-02-13-SDZ7-Redna-27.u141	Minutes of the National Assembly of the Republic of Slovenia, Term 7, Regular Session 27, 13.2.2017	2017-02-13	2017-02-13	Lower house	7		27			Reference	Chairperson	MP	DeSUS	Demokratična stranka upokojencev Slovenije	Coalition	Hainz, Primož	M	1947
ParlaMint-SI_2017-02-13-SDZ7-Redna-27.u142	Minutes of the National Assembly of the Republic of Slovenia, Term 7, Regular Session 27, 13.2.2017	2017-02-13	2017-02-13	Lower house	7		27			Reference	Regular	notMP				Kopač Mrak, Anja	F	-
ParlaMint-SI_2017-02-13-SDZ7-Redna-27.u143	Minutes of the National Assembly of the Republic of Slovenia, Term 7, Regular Session 27, 13.2.2017	2017-02-13	2017-02-13	Lower house	7		27			Reference	Chairperson	MP	DeSUS	Demokratična stranka upokojencev Slovenije	Coalition	Hainz, Primož	M	1947
ParlaMint-SI_2017-02-13-SDZ7-Redna-27.u144	Minutes of the National Assembly of the Republic of Slovenia, Term 7, Regular Session 27, 13.2.2017	2017-02-13	2017-02-13	Lower house	7		27			Reference	Regular	MP	SDS	Slovenska demokratska stranka	Opposition	Krivec, Danijel	M	1965
ParlaMint-SI_2017-02-13-SDZ7-Redna-27.u145	Minutes of the National Assembly of the Republic of Slovenia, Term 7, Regular Session 27, 13.2.2017	2017-02-13	2017-02-13	Lower house	7		27			Reference	Chairperson	MP	DeSUS	Demokratična stranka upokojencev Slovenije	Coalition	Hainz, Primož	M	1947
ParlaMint-SI_2017-02-13-SDZ7-Redna-27.u146	Minutes of the National Assembly of the Republic of Slovenia, Term 7, Regular Session 27, 13.2.2017	2017-02-13	2017-02-13	Lower house	7		27			Reference	Regular	notMP				Gašperšič, Peter	M	-
ParlaMint-SI_2017-02-13-SDZ7-Redna-27.u147	Minutes of the National Assembly of the Republic of Slovenia, Term 7, Regular Session 27, 13.2.2017	2017-02-13	2017-02-13	Lower house	7		27			Reference	Chairperson	MP	DeSUS	Demokratična stranka upokojencev Slovenije	Coalition	Hainz, Primož	M	1947
ParlaMint-SI_2017-02-13-SDZ7-Redna-27.u148	Minutes of the National Assembly of the Republic of Slovenia, Term 7, Regular Session 27, 13.2.2017	2017-02-13	2017-02-13	Lower house	7		27			Reference	Regular	MP	SDS	Slovenska demokratska stranka	Opposition	Krivec, Danijel	M	1965
ParlaMint-SI_2017-02-13-SDZ7-Redna-27.u149	Minutes of the National Assembly of the Republic of Slovenia, Term 7, Regular Session 27, 13.2.2017	2017-02-13	2017-02-13	Lower house	7		27			Reference	Chairperson	MP	DeSUS	Demokratična stranka upokojencev Slovenije	Coalition	Hainz, Primož	M	1947
ParlaMint-SI_2017-02-13-SDZ7-Redna-27.u150	Minutes of the National Assembly of the Republic of Slovenia, Term 7, Regular Session 27, 13.2.2017	2017-02-13	2017-02-13	Lower house	7		27			Reference	Regular	notMP				Gašperšič, Peter	M	-
ParlaMint-SI_2017-02-13-SDZ7-Redna-27.u151	Minutes of the National Assembly of the Republic of Slovenia, Term 7, Regular Session 27, 13.2.2017	2017-02-13	2017-02-13	Lower house	7		27			Reference	Chairperson	MP	DeSUS	Demokratična stranka upokojencev Slovenije	Coalition	Hainz, Primož	M	1947
ParlaMint-SI_2017-02-13-SDZ7-Redna-27.u152	Minutes of the National Assembly of the Republic of Slovenia, Term 7, Regular Session 27, 13.2.2017	2017-02-13	2017-02-13	Lower house	7		27			Reference	Regular	MP	Levica	Združena levica	Opposition	Tomić, Violeta	F	1963
ParlaMint-SI_2017-02-13-SDZ7-Redna-27.u153	Minutes of the National Assembly of the Republic of Slovenia, Term 7, Regular Session 27, 13.2.2017	2017-02-13	2017-02-13	Lower house	7		27			Reference	Chairperson	MP	DeSUS	Demokratična stranka upokojencev Slovenije	Coalition	Hainz, Primož	M	1947
ParlaMint-SI_2017-02-13-SDZ7-Redna-27.u154	Minutes of the National Assembly of the Republic of Slovenia, Term 7, Regular Session 27, 13.2.2017	2017-02-13	2017-02-13	Lower house	7		27			Reference	Regular	notMP				Peršak, Anton Tone	M	1947
ParlaMint-SI_2017-02-13-SDZ7-Redna-27.u155	Minutes of the National Assembly of the Republic of Slovenia, Term 7, Regular Session 27, 13.2.2017	2017-02-13	2017-02-13	Lower house	7		27			Reference	Chairperson	MP	DeSUS	Demokratična stranka upokojencev Slovenije	Coalition	Hainz, Primož	M	1947
ParlaMint-SI_2017-02-13-SDZ7-Redna-27.u156	Minutes of the National Assembly of the Republic of Slovenia, Term 7, Regular Session 27, 13.2.2017	2017-02-13	2017-02-13	Lower house	7		27			Reference	Regular	MP	Levica	Združena levica	Opposition	Tomić, Violeta	F	1963
ParlaMint-SI_2017-02-13-SDZ7-Redna-27.u157	Minutes of the National Assembly of the Republic of Slovenia, Term 7, Regular Session 27, 13.2.2017	2017-02-13	2017-02-13	Lower house	7		27			Reference	Chairperson	MP	DeSUS	Demokratična stranka upokojencev Slovenije	Coalition	Hainz, Primož	M	1947
ParlaMint-SI_2017-02-13-SDZ7-Redna-27.u158	Minutes of the National Assembly of the Republic of Slovenia, Term 7, Regular Session 27, 13.2.2017	2017-02-13	2017-02-13	Lower house	7		27			Reference	Regular	notMP				Peršak, Anton Tone	M	1947
ParlaMint-SI_2017-02-13-SDZ7-Redna-27.u159	Minutes of the National Assembly of the Republic of Slovenia, Term 7, Regular Session 27, 13.2.2017	2017-02-13	2017-02-13	Lower house	7		27			Reference	Chairperson	MP	DeSUS	Demokratična stranka upokojencev Slovenije	Coalition	Hainz, Primož	M	1947
ParlaMint-SI_2017-02-13-SDZ7-Redna-27.u160	Minutes of the National Assembly of the Republic of Slovenia, Term 7, Regular Session 27, 13.2.2017	2017-02-13	2017-02-13	Lower house	7		27			Reference	Regular	MP	Levica	Združena levica	Opposition	Tomić, Violeta	F	1963
ParlaMint-SI_2017-02-13-SDZ7-Redna-27.u161	Minutes of the National Assembly of the Republic of Slovenia, Term 7, Regular Session 27, 13.2.2017	2017-02-13	2017-02-13	Lower house	7		27			Reference	Chairperson	MP	DeSUS	Demokratična stranka upokojencev Slovenije	Coalition	Hainz, Primož	M	1947
ParlaMint-SI_2017-02-13-SDZ7-Redna-27.u162	Minutes of the National Assembly of the Republic of Slovenia, Term 7, Regular Session 27, 13.2.2017	2017-02-13	2017-02-13	Lower house	7		27			Reference	Regular	MP	SMC	Stranka modernega centra		Ferluga, Marko	M	1967
ParlaMint-SI_2017-02-13-SDZ7-Redna-27.u163	Minutes of the National Assembly of the Republic of Slovenia, Term 7, Regular Session 27, 13.2.2017	2017-02-13	2017-02-13	Lower house	7		27			Reference	Chairperson	MP	DeSUS	Demokratična stranka upokojencev Slovenije	Coalition	Hainz, Primož	M	1947
ParlaMint-SI_2017-02-13-SDZ7-Redna-27.u164	Minutes of the National Assembly of the Republic of Slovenia, Term 7, Regular Session 27, 13.2.2017	2017-02-13	2017-02-13	Lower house	7		27			Reference	Regular	notMP				Gašperšič, Peter	M	-
ParlaMint-SI_2017-02-13-SDZ7-Redna-27.u165	Minutes of the National Assembly of the Republic of Slovenia, Term 7, Regular Session 27, 13.2.2017	2017-02-13	2017-02-13	Lower house	7		27			Reference	Chairperson	MP	DeSUS	Demokratična stranka upokojencev Slovenije	Coalition	Hainz, Primož	M	1947
ParlaMint-SI_2017-02-13-SDZ7-Redna-27.u166	Minutes of the National Assembly of the Republic of Slovenia, Term 7, Regular Session 27, 13.2.2017	2017-02-13	2017-02-13	Lower house	7		27			Reference	Regular	MP	SDS	Slovenska demokratska stranka	Opposition	Lep Šimenko, Suzana	F	1979
ParlaMint-SI_2017-02-13-SDZ7-Redna-27.u167	Minutes of the National Assembly of the Republic of Slovenia, Term 7, Regular Session 27, 13.2.2017	2017-02-13	2017-02-13	Lower house	7		27			Reference	Chairperson	MP	DeSUS	Demokratična stranka upokojencev Slovenije	Coalition	Hainz, Primož	M	1947
ParlaMint-SI_2017-02-13-SDZ7-Redna-27.u168	Minutes of the National Assembly of the Republic of Slovenia, Term 7, Regular Session 27, 13.2.2017	2017-02-13	2017-02-13	Lower house	7		27			Reference	Regular	notMP				Gašperšič, Peter	M	-
ParlaMint-SI_2017-02-13-SDZ7-Redna-27.u169	Minutes of the National Assembly of the Republic of Slovenia, Term 7, Regular Session 27, 13.2.2017	2017-02-13	2017-02-13	Lower house	7		27			Reference	Chairperson	MP	DeSUS	Demokratična stranka upokojencev Slovenije	Coalition	Hainz, Primož	M	1947
ParlaMint-SI_2017-02-13-SDZ7-Redna-27.u170	Minutes of the National Assembly of the Republic of Slovenia, Term 7, Regular Session 27, 13.2.2017	2017-02-13	2017-02-13	Lower house	7		27			Reference	Regular	MP	SDS	Slovenska demokratska stranka	Opposition	Lep Šimenko, Suzana	F	1979
ParlaMint-SI_2017-02-13-SDZ7-Redna-27.u171	Minutes of the National Assembly of the Republic of Slovenia, Term 7, Regular Session 27, 13.2.2017	2017-02-13	2017-02-13	Lower house	7		27			Reference	Chairperson	MP	DeSUS	Demokratična stranka upokojencev Slovenije	Coalition	Hainz, Primož	M	1947
ParlaMint-SI_2017-02-13-SDZ7-Redna-27.u172	Minutes of the National Assembly of the Republic of Slovenia, Term 7, Regular Session 27, 13.2.2017	2017-02-13	2017-02-13	Lower house	7		27			Reference	Regular	notMP				Kolar Celarc, Marija Milojka	F	-
ParlaMint-SI_2017-02-13-SDZ7-Redna-27.u173	Minutes of the National Assembly of the Republic of Slovenia, Term 7, Regular Session 27, 13.2.2017	2017-02-13	2017-02-13	Lower house	7		27			Reference	Chairperson	MP	DeSUS	Demokratična stranka upokojencev Slovenije	Coalition	Hainz, Primož	M	1947
ParlaMint-SI_2017-02-13-SDZ7-Redna-27.u174	Minutes of the National Assembly of the Republic of Slovenia, Term 7, Regular Session 27, 13.2.2017	2017-02-13	2017-02-13	Lower house	7		27			Reference	Regular	notMP				Gašperšič, Peter	M	-
ParlaMint-SI_2017-02-13-SDZ7-Redna-27.u175	Minutes of the National Assembly of the Republic of Slovenia, Term 7, Regular Session 27, 13.2.2017	2017-02-13	2017-02-13	Lower house	7		27			Reference	Chairperson	MP	DeSUS	Demokratična stranka upokojencev Slovenije	Coalition	Hainz, Primož	M	1947
ParlaMint-SI_2017-02-13-SDZ7-Redna-27.u176	Minutes of the National Assembly of the Republic of Slovenia, Term 7, Regular Session 27, 13.2.2017	2017-02-13	2017-02-13	Lower house	7		27			Reference	Regular	MP	SDS	Slovenska demokratska stranka	Opposition	Lep Šimenko, Suzana	F	1979
ParlaMint-SI_2017-02-13-SDZ7-Redna-27.u177	Minutes of the National Assembly of the Republic of Slovenia, Term 7, Regular Session 27, 13.2.2017	2017-02-13	2017-02-13	Lower house	7		27			Reference	Chairperson	MP	DeSUS	Demokratična stranka upokojencev Slovenije	Coalition	Hainz, Primož	M	1947
ParlaMint-SI_2017-02-13-SDZ7-Redna-27.u178	Minutes of the National Assembly of the Republic of Slovenia, Term 7, Regular Session 27, 13.2.2017	2017-02-13	2017-02-13	Lower house	7		27			Reference	Regular	MP	NSi	Nova Slovenija – Krščanski demokrati	Opposition	Vrtovec, Jernej	M	1985
ParlaMint-SI_2017-02-13-SDZ7-Redna-27.u179	Minutes of the National Assembly of the Republic of Slovenia, Term 7, Regular Session 27, 13.2.2017	2017-02-13	2017-02-13	Lower house	7		27			Reference	Chairperson	MP	DeSUS	Demokratična stranka upokojencev Slovenije	Coalition	Hainz, Primož	M	1947
ParlaMint-SI_2017-02-13-SDZ7-Redna-27.u180	Minutes of the National Assembly of the Republic of Slovenia, Term 7, Regular Session 27, 13.2.2017	2017-02-13	2017-02-13	Lower house	7		27			Reference	Regular	notMP				Kolar Celarc, Marija Milojka	F	-
ParlaMint-SI_2017-02-13-SDZ7-Redna-27.u181	Minutes of the National Assembly of the Republic of Slovenia, Term 7, Regular Session 27, 13.2.2017	2017-02-13	2017-02-13	Lower house	7		27			Reference	Chairperson	MP	SD	Socialni demokrati	Coalition	Nemec, Matjaž	M	1980
ParlaMint-SI_2017-02-13-SDZ7-Redna-27.u182	Minutes of the National Assembly of the Republic of Slovenia, Term 7, Regular Session 27, 13.2.2017	2017-02-13	2017-02-13	Lower house	7		27			Reference	Regular	MP	SDS	Slovenska demokratska stranka	Opposition	Pojbič, Marijan	M	1961
ParlaMint-SI_2017-02-13-SDZ7-Redna-27.u183	Minutes of the National Assembly of the Republic of Slovenia, Term 7, Regular Session 27, 13.2.2017	2017-02-13	2017-02-13	Lower house	7		27			Reference	Chairperson	MP	SD	Socialni demokrati	Coalition	Nemec, Matjaž	M	1980
ParlaMint-SI_2017-02-13-SDZ7-Redna-27.u184	Minutes of the National Assembly of the Republic of Slovenia, Term 7, Regular Session 27, 13.2.2017	2017-02-13	2017-02-13	Lower house	7		27			Reference	Regular	notMP				Vraničar Erman, Mateja	F	-
ParlaMint-SI_2017-02-13-SDZ7-Redna-27.u185	Minutes of the National Assembly of the Republic of Slovenia, Term 7, Regular Session 27, 13.2.2017	2017-02-13	2017-02-13	Lower house	7		27			Reference	Chairperson	MP	SD	Socialni demokrati	Coalition	Nemec, Matjaž	M	1980
ParlaMint-SI_2017-02-13-SDZ7-Redna-27.u186	Minutes of the National Assembly of the Republic of Slovenia, Term 7, Regular Session 27, 13.2.2017	2017-02-13	2017-02-13	Lower house	7		27			Reference	Regular	MP	SDS	Slovenska demokratska stranka	Opposition	Pojbič, Marijan	M	1961
ParlaMint-SI_2017-02-13-SDZ7-Redna-27.u187	Minutes of the National Assembly of the Republic of Slovenia, Term 7, Regular Session 27, 13.2.2017	2017-02-13	2017-02-13	Lower house	7		27			Reference	Chairperson	MP	SD	Socialni demokrati	Coalition	Nemec, Matjaž	M	1980
ParlaMint-SI_2017-02-13-SDZ7-Redna-27.u188	Minutes of the National Assembly of the Republic of Slovenia, Term 7, Regular Session 27, 13.2.2017	2017-02-13	2017-02-13	Lower house	7		27			Reference	Regular	MP	SDS	Slovenska demokratska stranka	Opposition	Pojbič, Marijan	M	1961
ParlaMint-SI_2017-02-13-SDZ7-Redna-27.u189	Minutes of the National Assembly of the Republic of Slovenia, Term 7, Regular Session 27, 13.2.2017	2017-02-13	2017-02-13	Lower house	7		27			Reference	Chairperson	MP	SD	Socialni demokrati	Coalition	Nemec, Matjaž	M	1980
ParlaMint-SI_2017-02-13-SDZ7-Redna-27.u190	Minutes of the National Assembly of the Republic of Slovenia, Term 7, Regular Session 27, 13.2.2017	2017-02-13	2017-02-13	Lower house	7		27			Reference	Regular	notMP				Kolar Celarc, Marija Milojka	F	-
ParlaMint-SI_2017-02-13-SDZ7-Redna-27.u191	Minutes of the National Assembly of the Republic of Slovenia, Term 7, Regular Session 27, 13.2.2017	2017-02-13	2017-02-13	Lower house	7		27			Reference	Chairperson	MP	SD	Socialni demokrati	Coalition	Nemec, Matjaž	M	1980
ParlaMint-SI_2017-02-13-SDZ7-Redna-27.u192	Minutes of the National Assembly of the Republic of Slovenia, Term 7, Regular Session 27, 13.2.2017	2017-02-13	2017-02-13	Lower house	7		27			Reference	Regular	MP	SDS	Slovenska demokratska stranka	Opposition	Pojbič, Marijan	M	1961
ParlaMint-SI_2017-02-13-SDZ7-Redna-27.u193	Minutes of the National Assembly of the Republic of Slovenia, Term 7, Regular Session 27, 13.2.2017	2017-02-13	2017-02-13	Lower house	7		27			Reference	Chairperson	MP	SD	Socialni demokrati	Coalition	Nemec, Matjaž	M	1980
ParlaMint-SI_2017-02-13-SDZ7-Redna-27.u194	Minutes of the National Assembly of the Republic of Slovenia, Term 7, Regular Session 27, 13.2.2017	2017-02-13	2017-02-13	Lower house	7		27			Reference	Regular	notMP				Vraničar Erman, Mateja	F	-
ParlaMint-SI_2017-02-13-SDZ7-Redna-27.u195	Minutes of the National Assembly of the Republic of Slovenia, Term 7, Regular Session 27, 13.2.2017	2017-02-13	2017-02-13	Lower house	7		27			Reference	Chairperson	MP	SD	Socialni demokrati	Coalition	Nemec, Matjaž	M	1980
ParlaMint-SI_2017-02-13-SDZ7-Redna-27.u196	Minutes of the National Assembly of the Republic of Slovenia, Term 7, Regular Session 27, 13.2.2017	2017-02-13	2017-02-13	Lower house	7		27			Reference	Regular	notMP				Kolar Celarc, Marija Milojka	F	-
ParlaMint-SI_2017-02-13-SDZ7-Redna-27.u197	Minutes of the National Assembly of the Republic of Slovenia, Term 7, Regular Session 27, 13.2.2017	2017-02-13	2017-02-13	Lower house	7		27			Reference	Chairperson	MP	SD	Socialni demokrati	Coalition	Nemec, Matjaž	M	1980
ParlaMint-SI_2017-02-13-SDZ7-Redna-27.u198	Minutes of the National Assembly of the Republic of Slovenia, Term 7, Regular Session 27, 13.2.2017	2017-02-13	2017-02-13	Lower house	7		27			Reference	Regular	MP	SDS	Slovenska demokratska stranka	Opposition	Pojbič, Marijan	M	1961
ParlaMint-SI_2017-02-13-SDZ7-Redna-27.u199	Minutes of the National Assembly of the Republic of Slovenia, Term 7, Regular Session 27, 13.2.2017	2017-02-13	2017-02-13	Lower house	7		27			Reference	Chairperson	MP	SD	Socialni demokrati	Coalition	Nemec, Matjaž	M	1980
ParlaMint-SI_2017-02-13-SDZ7-Redna-27.u200	Minutes of the National Assembly of the Republic of Slovenia, Term 7, Regular Session 27, 13.2.2017	2017-02-13	2017-02-13	Lower house	7		27			Reference	Regular	MP	DeSUS	Demokratična stranka upokojencev Slovenije	Coalition	Kopmajer, Benedikt	M	1956
ParlaMint-SI_2017-02-13-SDZ7-Redna-27.u201	Minutes of the National Assembly of the Republic of Slovenia, Term 7, Regular Session 27, 13.2.2017	2017-02-13	2017-02-13	Lower house	7		27			Reference	Chairperson	MP	SD	Socialni demokrati	Coalition	Nemec, Matjaž	M	1980
ParlaMint-SI_2017-02-13-SDZ7-Redna-27.u202	Minutes of the National Assembly of the Republic of Slovenia, Term 7, Regular Session 27, 13.2.2017	2017-02-13	2017-02-13	Lower house	7		27			Reference	Regular	notMP				Gašperšič, Peter	M	-
ParlaMint-SI_2017-02-13-SDZ7-Redna-27.u203	Minutes of the National Assembly of the Republic of Slovenia, Term 7, Regular Session 27, 13.2.2017	2017-02-13	2017-02-13	Lower house	7		27			Reference	Chairperson	MP	SD	Socialni demokrati	Coalition	Nemec, Matjaž	M	1980
ParlaMint-SI_2017-02-13-SDZ7-Redna-27.u204	Minutes of the National Assembly of the Republic of Slovenia, Term 7, Regular Session 27, 13.2.2017	2017-02-13	2017-02-13	Lower house	7		27			Reference	Regular	MP	DeSUS	Demokratična stranka upokojencev Slovenije	Coalition	Kopmajer, Benedikt	M	1956
ParlaMint-SI_2017-02-13-SDZ7-Redna-27.u205	Minutes of the National Assembly of the Republic of Slovenia, Term 7, Regular Session 27, 13.2.2017	2017-02-13	2017-02-13	Lower house	7		27			Reference	Chairperson	MP	SD	Socialni demokrati	Coalition	Nemec, Matjaž	M	1980
ParlaMint-SI_2017-02-13-SDZ7-Redna-27.u206	Minutes of the National Assembly of the Republic of Slovenia, Term 7, Regular Session 27, 13.2.2017	2017-02-13	2017-02-13	Lower house	7		27			Reference	Regular	notMP				Gašperšič, Peter	M	-
ParlaMint-SI_2017-02-13-SDZ7-Redna-27.u207	Minutes of the National Assembly of the Republic of Slovenia, Term 7, Regular Session 27, 13.2.2017	2017-02-13	2017-02-13	Lower house	7		27			Reference	Chairperson	MP	SD	Socialni demokrati	Coalition	Nemec, Matjaž	M	1980
ParlaMint-SI_2017-02-13-SDZ7-Redna-27.u208	Minutes of the National Assembly of the Republic of Slovenia, Term 7, Regular Session 27, 13.2.2017	2017-02-13	2017-02-13	Lower house	7		27			Reference	Regular	MP	Levica	Združena levica	Opposition	Kordiš, Miha	M	1989
ParlaMint-SI_2017-02-13-SDZ7-Redna-27.u209	Minutes of the National Assembly of the Republic of Slovenia, Term 7, Regular Session 27, 13.2.2017	2017-02-13	2017-02-13	Lower house	7		27			Reference	Chairperson	MP	SD	Socialni demokrati	Coalition	Nemec, Matjaž	M	1980
ParlaMint-SI_2017-02-13-SDZ7-Redna-27.u210	Minutes of the National Assembly of the Republic of Slovenia, Term 7, Regular Session 27, 13.2.2017	2017-02-13	2017-02-13	Lower house	7		27			Reference	Regular	notMP				Majcen, Irena	F	-
ParlaMint-SI_2017-02-13-SDZ7-Redna-27.u211	Minutes of the National Assembly of the Republic of Slovenia, Term 7, Regular Session 27, 13.2.2017	2017-02-13	2017-02-13	Lower house	7		27			Reference	Chairperson	MP	SD	Socialni demokrati	Coalition	Nemec, Matjaž	M	1980
ParlaMint-SI_2017-02-13-SDZ7-Redna-27.u212	Minutes of the National Assembly of the Republic of Slovenia, Term 7, Regular Session 27, 13.2.2017	2017-02-13	2017-02-13	Lower house	7		27			Reference	Regular	MP	Levica	Združena levica	Opposition	Kordiš, Miha	M	1989
ParlaMint-SI_2017-02-13-SDZ7-Redna-27.u213	Minutes of the National Assembly of the Republic of Slovenia, Term 7, Regular Session 27, 13.2.2017	2017-02-13	2017-02-13	Lower house	7		27			Reference	Chairperson	MP	SD	Socialni demokrati	Coalition	Nemec, Matjaž	M	1980
ParlaMint-SI_2017-02-13-SDZ7-Redna-27.u214	Minutes of the National Assembly of the Republic of Slovenia, Term 7, Regular Session 27, 13.2.2017	2017-02-13	2017-02-13	Lower house	7		27			Reference	Regular	MP	SDS	Slovenska demokratska stranka	Opposition	Pogačnik, Marko	M	1972
ParlaMint-SI_2017-02-13-SDZ7-Redna-27.u215	Minutes of the National Assembly of the Republic of Slovenia, Term 7, Regular Session 27, 13.2.2017	2017-02-13	2017-02-13	Lower house	7		27			Reference	Chairperson	MP	SD	Socialni demokrati	Coalition	Nemec, Matjaž	M	1980
ParlaMint-SI_2017-02-13-SDZ7-Redna-27.u216	Minutes of the National Assembly of the Republic of Slovenia, Term 7, Regular Session 27, 13.2.2017	2017-02-13	2017-02-13	Lower house	7		27			Reference	Regular	notMP				Vraničar Erman, Mateja	F	-
ParlaMint-SI_2017-02-13-SDZ7-Redna-27.u217	Minutes of the National Assembly of the Republic of Slovenia, Term 7, Regular Session 27, 13.2.2017	2017-02-13	2017-02-13	Lower house	7		27			Reference	Chairperson	MP	SD	Socialni demokrati	Coalition	Nemec, Matjaž	M	1980
ParlaMint-SI_2017-02-13-SDZ7-Redna-27.u218	Minutes of the National Assembly of the Republic of Slovenia, Term 7, Regular Session 27, 13.2.2017	2017-02-13	2017-02-13	Lower house	7		27			Reference	Regular	MP	SDS	Slovenska demokratska stranka	Opposition	Pogačnik, Marko	M	1972
ParlaMint-SI_2017-02-13-SDZ7-Redna-27.u219	Minutes of the National Assembly of the Republic of Slovenia, Term 7, Regular Session 27, 13.2.2017	2017-02-13	2017-02-13	Lower house	7		27			Reference	Chairperson	MP	SD	Socialni demokrati	Coalition	Nemec, Matjaž	M	1980
ParlaMint-SI_2017-02-13-SDZ7-Redna-27.u220	Minutes of the National Assembly of the Republic of Slovenia, Term 7, Regular Session 27, 13.2.2017	2017-02-13	2017-02-13	Lower house	7		27			Reference	Regular	notMP				Vraničar Erman, Mateja	F	-
ParlaMint-SI_2017-02-13-SDZ7-Redna-27.u221	Minutes of the National Assembly of the Republic of Slovenia, Term 7, Regular Session 27, 13.2.2017	2017-02-13	2017-02-13	Lower house	7		27			Reference	Chairperson	MP	SD	Socialni demokrati	Coalition	Nemec, Matjaž	M	1980
ParlaMint-SI_2017-02-13-SDZ7-Redna-27.u222	Minutes of the National Assembly of the Republic of Slovenia, Term 7, Regular Session 27, 13.2.2017	2017-02-13	2017-02-13	Lower house	7		27			Reference	Regular	MP	SDS	Slovenska demokratska stranka	Opposition	Pogačnik, Marko	M	1972
ParlaMint-SI_2017-02-13-SDZ7-Redna-27.u223	Minutes of the National Assembly of the Republic of Slovenia, Term 7, Regular Session 27, 13.2.2017	2017-02-13	2017-02-13	Lower house	7		27			Reference	Chairperson	MP	SD	Socialni demokrati	Coalition	Nemec, Matjaž	M	1980
ParlaMint-SI_2017-02-13-SDZ7-Redna-27.u224	Minutes of the National Assembly of the Republic of Slovenia, Term 7, Regular Session 27, 13.2.2017	2017-02-13	2017-02-13	Lower house	7		27			Reference	Regular	MP	SMC	Stranka modernega centra		Zajc, Simon	M	1980
ParlaMint-SI_2017-02-13-SDZ7-Redna-27.u225	Minutes of the National Assembly of the Republic of Slovenia, Term 7, Regular Session 27, 13.2.2017	2017-02-13	2017-02-13	Lower house	7		27			Reference	Chairperson	MP	SD	Socialni demokrati	Coalition	Nemec, Matjaž	M	1980
ParlaMint-SI_2017-02-13-SDZ7-Redna-27.u226	Minutes of the National Assembly of the Republic of Slovenia, Term 7, Regular Session 27, 13.2.2017	2017-02-13	2017-02-13	Lower house	7		27			Reference	Regular	notMP				Kolar Celarc, Marija Milojka	F	-
ParlaMint-SI_2017-02-13-SDZ7-Redna-27.u227	Minutes of the National Assembly of the Republic of Slovenia, Term 7, Regular Session 27, 13.2.2017	2017-02-13	2017-02-13	Lower house	7		27			Reference	Chairperson	MP	SD	Socialni demokrati	Coalition	Nemec, Matjaž	M	1980
ParlaMint-SI_2017-02-13-SDZ7-Redna-27.u228	Minutes of the National Assembly of the Republic of Slovenia, Term 7, Regular Session 27, 13.2.2017	2017-02-13	2017-02-13	Lower house	7		27			Reference	Regular	MP	SMC	Stranka modernega centra		Zajc, Simon	M	1980
ParlaMint-SI_2017-02-13-SDZ7-Redna-27.u229	Minutes of the National Assembly of the Republic of Slovenia, Term 7, Regular Session 27, 13.2.2017	2017-02-13	2017-02-13	Lower house	7		27			Reference	Chairperson	MP	SD	Socialni demokrati	Coalition	Nemec, Matjaž	M	1980
ParlaMint-SI_2017-02-13-SDZ7-Redna-27.u230	Minutes of the National Assembly of the Republic of Slovenia, Term 7, Regular Session 27, 13.2.2017	2017-02-13	2017-02-13	Lower house	7		27			Reference	Regular	MP	SDS	Slovenska demokratska stranka	Opposition	Gorenak, Vinko	M	1955
ParlaMint-SI_2017-02-13-SDZ7-Redna-27.u231	Minutes of the National Assembly of the Republic of Slovenia, Term 7, Regular Session 27, 13.2.2017	2017-02-13	2017-02-13	Lower house	7		27			Reference	Chairperson	MP	SD	Socialni demokrati	Coalition	Nemec, Matjaž	M	1980
ParlaMint-SI_2017-02-13-SDZ7-Redna-27.u232	Minutes of the National Assembly of the Republic of Slovenia, Term 7, Regular Session 27, 13.2.2017	2017-02-13	2017-02-13	Lower house	7		27			Reference	Regular	notMP	SMC	Stranka modernega centra		Kozlovič, Lilijana	F	1962
ParlaMint-SI_2017-02-13-SDZ7-Redna-27.u233	Minutes of the National Assembly of the Republic of Slovenia, Term 7, Regular Session 27, 13.2.2017	2017-02-13	2017-02-13	Lower house	7		27			Reference	Chairperson	MP	SD	Socialni demokrati	Coalition	Nemec, Matjaž	M	1980
ParlaMint-SI_2017-02-13-SDZ7-Redna-27.u234	Minutes of the National Assembly of the Republic of Slovenia, Term 7, Regular Session 27, 13.2.2017	2017-02-13	2017-02-13	Lower house	7		27			Reference	Regular	notMP	SD	Socialni demokrati	Coalition	Katič, Andreja	F	1969
ParlaMint-SI_2017-02-13-SDZ7-Redna-27.u235	Minutes of the National Assembly of the Republic of Slovenia, Term 7, Regular Session 27, 13.2.2017	2017-02-13	2017-02-13	Lower house	7		27			Reference	Chairperson	MP	SD	Socialni demokrati	Coalition	Nemec, Matjaž	M	1980
ParlaMint-SI_2017-02-13-SDZ7-Redna-27.u236	Minutes of the National Assembly of the Republic of Slovenia, Term 7, Regular Session 27, 13.2.2017	2017-02-13	2017-02-13	Lower house	7		27			Reference	Regular	MP	SDS	Slovenska demokratska stranka	Opposition	Gorenak, Vinko	M	1955
ParlaMint-SI_2017-02-13-SDZ7-Redna-27.u237	Minutes of the National Assembly of the Republic of Slovenia, Term 7, Regular Session 27, 13.2.2017	2017-02-13	2017-02-13	Lower house	7		27			Reference	Chairperson	MP	SD	Socialni demokrati	Coalition	Nemec, Matjaž	M	1980
ParlaMint-SI_2017-02-13-SDZ7-Redna-27.u238	Minutes of the National Assembly of the Republic of Slovenia, Term 7, Regular Session 27, 13.2.2017	2017-02-13	2017-02-13	Lower house	7		27			Reference	Regular	notMP	SMC	Stranka modernega centra		Kozlovič, Lilijana	F	1962
ParlaMint-SI_2017-02-13-SDZ7-Redna-27.u239	Minutes of the National Assembly of the Republic of Slovenia, Term 7, Regular Session 27, 13.2.2017	2017-02-13	2017-02-13	Lower house	7		27			Reference	Chairperson	MP	SD	Socialni demokrati	Coalition	Nemec, Matjaž	M	1980
ParlaMint-SI_2017-02-13-SDZ7-Redna-27.u240	Minutes of the National Assembly of the Republic of Slovenia, Term 7, Regular Session 27, 13.2.2017	2017-02-13	2017-02-13	Lower house	7		27			Reference	Regular	MP	SDS	Slovenska demokratska stranka	Opposition	Gorenak, Vinko	M	1955
ParlaMint-SI_2017-02-13-SDZ7-Redna-27.u241	Minutes of the National Assembly of the Republic of Slovenia, Term 7, Regular Session 27, 13.2.2017	2017-02-13	2017-02-13	Lower house	7		27			Reference	Chairperson	MP	SD	Socialni demokrati	Coalition	Nemec, Matjaž	M	1980
ParlaMint-SI_2017-02-13-SDZ7-Redna-27.u242	Minutes of the National Assembly of the Republic of Slovenia, Term 7, Regular Session 27, 13.2.2017	2017-02-13	2017-02-13	Lower house	7		27			Reference	Regular	MP	SDS	Slovenska demokratska stranka	Opposition	Mahnič, Žan	M	1990
ParlaMint-SI_2017-02-13-SDZ7-Redna-27.u243	Minutes of the National Assembly of the Republic of Slovenia, Term 7, Regular Session 27, 13.2.2017	2017-02-13	2017-02-13	Lower house	7		27			Reference	Chairperson	MP	SD	Socialni demokrati	Coalition	Nemec, Matjaž	M	1980
ParlaMint-SI_2017-02-13-SDZ7-Redna-27.u244	Minutes of the National Assembly of the Republic of Slovenia, Term 7, Regular Session 27, 13.2.2017	2017-02-13	2017-02-13	Lower house	7		27			Reference	Regular	MP	Levica	Združena levica	Opposition	Hanžek, Matjaž	M	1949
ParlaMint-SI_2017-02-13-SDZ7-Redna-27.u245	Minutes of the National Assembly of the Republic of Slovenia, Term 7, Regular Session 27, 13.2.2017	2017-02-13	2017-02-13	Lower house	7		27			Reference	Chairperson	MP	SD	Socialni demokrati	Coalition	Nemec, Matjaž	M	1980
ParlaMint-SI_2017-02-13-SDZ7-Redna-27.u246	Minutes of the National Assembly of the Republic of Slovenia, Term 7, Regular Session 27, 13.2.2017	2017-02-13	2017-02-13	Lower house	7		27			Reference	Regular	notMP				Majcen, Irena	F	-
ParlaMint-SI_2017-02-13-SDZ7-Redna-27.u247	Minutes of the National Assembly of the Republic of Slovenia, Term 7, Regular Session 27, 13.2.2017	2017-02-13	2017-02-13	Lower house	7		27			Reference	Chairperson	MP	SD	Socialni demokrati	Coalition	Nemec, Matjaž	M	1980
ParlaMint-SI_2017-02-13-SDZ7-Redna-27.u248	Minutes of the National Assembly of the Republic of Slovenia, Term 7, Regular Session 27, 13.2.2017	2017-02-13	2017-02-13	Lower house	7		27			Reference	Regular	notMP	SD	Socialni demokrati	Coalition	Židan, Dejan	M	1967
ParlaMint-SI_2017-02-13-SDZ7-Redna-27.u249	Minutes of the National Assembly of the Republic of Slovenia, Term 7, Regular Session 27, 13.2.2017	2017-02-13	2017-02-13	Lower house	7		27			Reference	Chairperson	MP	SD	Socialni demokrati	Coalition	Nemec, Matjaž	M	1980
ParlaMint-SI_2017-02-13-SDZ7-Redna-27.u250	Minutes of the National Assembly of the Republic of Slovenia, Term 7, Regular Session 27, 13.2.2017	2017-02-13	2017-02-13	Lower house	7		27			Reference	Regular	MP	Levica	Združena levica	Opposition	Hanžek, Matjaž	M	1949
ParlaMint-SI_2017-02-13-SDZ7-Redna-27.u251	Minutes of the National Assembly of the Republic of Slovenia, Term 7, Regular Session 27, 13.2.2017	2017-02-13	2017-02-13	Lower house	7		27			Reference	Chairperson	MP	SD	Socialni demokrati	Coalition	Nemec, Matjaž	M	1980
ParlaMint-SI_2017-02-13-SDZ7-Redna-27.u252	Minutes of the National Assembly of the Republic of Slovenia, Term 7, Regular Session 27, 13.2.2017	2017-02-13	2017-02-13	Lower house	7		27			Reference	Regular	notMP				Majcen, Irena	F	-
ParlaMint-SI_2017-02-13-SDZ7-Redna-27.u253	Minutes of the National Assembly of the Republic of Slovenia, Term 7, Regular Session 27, 13.2.2017	2017-02-13	2017-02-13	Lower house	7		27			Reference	Chairperson	MP	SD	Socialni demokrati	Coalition	Nemec, Matjaž	M	1980
ParlaMint-SI_2017-02-13-SDZ7-Redna-27.u254	Minutes of the National Assembly of the Republic of Slovenia, Term 7, Regular Session 27, 13.2.2017	2017-02-13	2017-02-13	Lower house	7		27			Reference	Regular	MP	Levica	Združena levica	Opposition	Hanžek, Matjaž	M	1949
ParlaMint-SI_2017-02-13-SDZ7-Redna-27.u255	Minutes of the National Assembly of the Republic of Slovenia, Term 7, Regular Session 27, 13.2.2017	2017-02-13	2017-02-13	Lower house	7		27			Reference	Chairperson	MP	SD	Socialni demokrati	Coalition	Nemec, Matjaž	M	1980
ParlaMint-SI_2017-02-13-SDZ7-Redna-27.u256	Minutes of the National Assembly of the Republic of Slovenia, Term 7, Regular Session 27, 13.2.2017	2017-02-13	2017-02-13	Lower house	7		27			Reference	Regular	MP				Čuš, Andrej	M	1990
ParlaMint-SI_2017-02-13-SDZ7-Redna-27.u257	Minutes of the National Assembly of the Republic of Slovenia, Term 7, Regular Session 27, 13.2.2017	2017-02-13	2017-02-13	Lower house	7		27			Reference	Chairperson	MP	SD	Socialni demokrati	Coalition	Nemec, Matjaž	M	1980
ParlaMint-SI_2017-02-13-SDZ7-Redna-27.u258	Minutes of the National Assembly of the Republic of Slovenia, Term 7, Regular Session 27, 13.2.2017	2017-02-13	2017-02-13	Lower house	7		27			Reference	Regular	notMP				Gašperšič, Peter	M	-
ParlaMint-SI_2017-02-13-SDZ7-Redna-27.u259	Minutes of the National Assembly of the Republic of Slovenia, Term 7, Regular Session 27, 13.2.2017	2017-02-13	2017-02-13	Lower house	7		27			Reference	Chairperson	MP	SD	Socialni demokrati	Coalition	Nemec, Matjaž	M	1980
ParlaMint-SI_2017-02-13-SDZ7-Redna-27.u260	Minutes of the National Assembly of the Republic of Slovenia, Term 7, Regular Session 27, 13.2.2017	2017-02-13	2017-02-13	Lower house	7		27			Reference	Regular	MP				Čuš, Andrej	M	1990
ParlaMint-SI_2017-02-13-SDZ7-Redna-27.u261	Minutes of the National Assembly of the Republic of Slovenia, Term 7, Regular Session 27, 13.2.2017	2017-02-13	2017-02-13	Lower house	7		27			Reference	Chairperson	MP	SD	Socialni demokrati	Coalition	Nemec, Matjaž	M	1980
ParlaMint-SI_2017-02-13-SDZ7-Redna-27.u262	Minutes of the National Assembly of the Republic of Slovenia, Term 7, Regular Session 27, 13.2.2017	2017-02-13	2017-02-13	Lower house	7		27			Reference	Regular	notMP				Gašperšič, Peter	M	-
ParlaMint-SI_2017-02-13-SDZ7-Redna-27.u263	Minutes of the National Assembly of the Republic of Slovenia, Term 7, Regular Session 27, 13.2.2017	2017-02-13	2017-02-13	Lower house	7		27			Reference	Chairperson	MP	SD	Socialni demokrati	Coalition	Nemec, Matjaž	M	1980
ParlaMint-SI_2017-02-13-SDZ7-Redna-27.u264	Minutes of the National Assembly of the Republic of Slovenia, Term 7, Regular Session 27, 13.2.2017	2017-02-13	2017-02-13	Lower house	7		27			Reference	Regular	MP				Čuš, Andrej	M	1990
ParlaMint-SI_2017-02-13-SDZ7-Redna-27.u265	Minutes of the National Assembly of the Republic of Slovenia, Term 7, Regular Session 27, 13.2.2017	2017-02-13	2017-02-13	Lower house	7		27			Reference	Chairperson	MP	SD	Socialni demokrati	Coalition	Nemec, Matjaž	M	1980
ParlaMint-SI_2017-02-13-SDZ7-Redna-27.u266	Minutes of the National Assembly of the Republic of Slovenia, Term 7, Regular Session 27, 13.2.2017	2017-02-13	2017-02-13	Lower house	7		27			Reference	Regular	MP	SMC	Stranka modernega centra		Ferluga, Marko	M	1967
ParlaMint-SI_2017-02-13-SDZ7-Redna-27.u267	Minutes of the National Assembly of the Republic of Slovenia, Term 7, Regular Session 27, 13.2.2017	2017-02-13	2017-02-13	Lower house	7		27			Reference	Chairperson	MP	SD	Socialni demokrati	Coalition	Nemec, Matjaž	M	1980
ParlaMint-SI_2017-02-13-SDZ7-Redna-27.u268	Minutes of the National Assembly of the Republic of Slovenia, Term 7, Regular Session 27, 13.2.2017	2017-02-13	2017-02-13	Lower house	7		27			Reference	Regular	notMP	SD	Socialni demokrati	Coalition	Židan, Dejan	M	1967
ParlaMint-SI_2017-02-13-SDZ7-Redna-27.u269	Minutes of the National Assembly of the Republic of Slovenia, Term 7, Regular Session 27, 13.2.2017	2017-02-13	2017-02-13	Lower house	7		27			Reference	Chairperson	MP	SD	Socialni demokrati	Coalition	Nemec, Matjaž	M	1980
ParlaMint-SI_2017-02-13-SDZ7-Redna-27.u270	Minutes of the National Assembly of the Republic of Slovenia, Term 7, Regular Session 27, 13.2.2017	2017-02-13	2017-02-13	Lower house	7		27			Reference	Regular	MP				Čuš, Andrej	M	1990
ParlaMint-SI_2017-02-13-SDZ7-Redna-27.u271	Minutes of the National Assembly of the Republic of Slovenia, Term 7, Regular Session 27, 13.2.2017	2017-02-13	2017-02-13	Lower house	7		27			Reference	Chairperson	MP	SD	Socialni demokrati	Coalition	Nemec, Matjaž	M	1980
ParlaMint-SI_2017-02-13-SDZ7-Redna-27.u272	Minutes of the National Assembly of the Republic of Slovenia, Term 7, Regular Session 27, 13.2.2017	2017-02-13	2017-02-13	Lower house	7		27			Reference	Regular	MP	Levica	Združena levica	Opposition	Mesec, Luka	M	1987
ParlaMint-SI_2017-02-13-SDZ7-Redna-27.u273	Minutes of the National Assembly of the Republic of Slovenia, Term 7, Regular Session 27, 13.2.2017	2017-02-13	2017-02-13	Lower house	7		27			Reference	Chairperson	MP	SD	Socialni demokrati	Coalition	Nemec, Matjaž	M	1980
ParlaMint-SI_2017-02-13-SDZ7-Redna-27.u274	Minutes of the National Assembly of the Republic of Slovenia, Term 7, Regular Session 27, 13.2.2017	2017-02-13	2017-02-13	Lower house	7		27			Reference	Regular	notMP				Kolar Celarc, Marija Milojka	F	-
ParlaMint-SI_2017-02-13-SDZ7-Redna-27.u275	Minutes of the National Assembly of the Republic of Slovenia, Term 7, Regular Session 27, 13.2.2017	2017-02-13	2017-02-13	Lower house	7		27			Reference	Chairperson	MP	SD	Socialni demokrati	Coalition	Nemec, Matjaž	M	1980
ParlaMint-SI_2017-02-13-SDZ7-Redna-27.u276	Minutes of the National Assembly of the Republic of Slovenia, Term 7, Regular Session 27, 13.2.2017	2017-02-13	2017-02-13	Lower house	7		27			Reference	Regular	MP	Levica	Združena levica	Opposition	Mesec, Luka	M	1987
ParlaMint-SI_2017-02-13-SDZ7-Redna-27.u277	Minutes of the National Assembly of the Republic of Slovenia, Term 7, Regular Session 27, 13.2.2017	2017-02-13	2017-02-13	Lower house	7		27			Reference	Chairperson	MP	SD	Socialni demokrati	Coalition	Nemec, Matjaž	M	1980
ParlaMint-SI_2017-02-13-SDZ7-Redna-27.u278	Minutes of the National Assembly of the Republic of Slovenia, Term 7, Regular Session 27, 13.2.2017	2017-02-13	2017-02-13	Lower house	7		27			Reference	Regular	notMP				Kolar Celarc, Marija Milojka	F	-
ParlaMint-SI_2017-02-13-SDZ7-Redna-27.u279	Minutes of the National Assembly of the Republic of Slovenia, Term 7, Regular Session 27, 13.2.2017	2017-02-13	2017-02-13	Lower house	7		27			Reference	Chairperson	MP	SD	Socialni demokrati	Coalition	Nemec, Matjaž	M	1980
ParlaMint-SI_2017-02-13-SDZ7-Redna-27.u280	Minutes of the National Assembly of the Republic of Slovenia, Term 7, Regular Session 27, 13.2.2017	2017-02-13	2017-02-13	Lower house	7		27			Reference	Regular	MP	Levica	Združena levica	Opposition	Mesec, Luka	M	1987
ParlaMint-SI_2017-02-13-SDZ7-Redna-27.u281	Minutes of the National Assembly of the Republic of Slovenia, Term 7, Regular Session 27, 13.2.2017	2017-02-13	2017-02-13	Lower house	7		27			Reference	Chairperson	MP	SD	Socialni demokrati	Coalition	Nemec, Matjaž	M	1980
